0 0.33625 0.48875 0.4825 0.455
3 0.386875 0.67 0.09625 0.08750000000000001
3 0.213125 0.661875 0.03625 0.06375
3 0.33187500000000003 0.614375 0.043750000000000004 0.03125
3 0.3775 0.555 0.085 0.0825
3 0.244375 0.551875 0.02875 0.058750000000000004
3 0.136875 0.50125 0.06375 0.0375
3 0.369375 0.475625 0.04625 0.043750000000000004
3 0.44625000000000004 0.413125 0.0225 0.04875
3 0.420625 0.335 0.04125 0.05
3 0.180625 0.29875 0.02125 0.02
3 0.2475 0.4025 0.045 0.0225
3 0.23500000000000001 0.463125 0.0225 0.03625
3 0.193125 0.45437500000000003 0.02625 0.01875
