0 0.620625 0.781875 0.11625 0.07875
0 0.409375 0.455625 0.14875 0.06875
0 0.4475 0.47375 0.0925 0.06
0 0.248125 0.406875 0.08125 0.04625
0 0.110625 0.411875 0.09125 0.07875
0 0.26687500000000003 0.516875 0.10375000000000001 0.04125
0 0.1875 0.7075 0.0825 0.1075
0 0.030625 0.251875 0.058750000000000004 0.058750000000000004
0 0.043750000000000004 0.13875 0.0675 0.04
0 0.535 0.571875 0.25 0.22125
0 0.11875000000000001 0.56625 0.0375 0.0525
1 0.4625 0.55125 0.05 0.075
1 0.435625 0.439375 0.02625 0.02875
1 0.25625 0.42312500000000003 0.0175 0.01125
