0 0.280625 0.49375 0.34625 0.39
0 0.935 0.61375 0.0475 0.0625
0 0.9656250000000001 0.619375 0.02625 0.05625
0 0.7518750000000001 0.615 0.04125 0.0575
0 0.7875 0.615625 0.0375 0.051250000000000004
0 0.6425 0.615625 0.0375 0.04875
0 0.600625 0.615 0.03625 0.0575
0 0.968125 0.891875 0.03375 0.04125
0 0.969375 0.92875 0.03125 0.04
0 0.9 0.880625 0.0325 0.03625
0 0.90375 0.91625 0.02 0.03
0 0.83375 0.91125 0.0325 0.0325
0 0.834375 0.8768750000000001 0.03125 0.03625
0 0.57375 0.881875 0.0175 0.02625
0 0.53625 0.875 0.0175 0.0225
0 0.550625 0.870625 0.01625 0.02125
0 0.603125 0.8775000000000001 0.01875 0.02
0 0.63 0.88125 0.015 0.0225
1 0.325625 0.46625 0.04875 0.035
1 0.290625 0.420625 0.043750000000000004 0.02375
1 0.38 0.626875 0.0725 0.06625
3 0.376875 0.55125 0.043750000000000004 0.03
3 0.26625 0.39187500000000003 0.0375 0.03375
