0 0.07890625000000001 0.91953125 0.1546875 0.09843750000000001
0 0.05 0.81796875 0.096875 0.0671875
0 0.09531250000000001 0.6984375 0.1875 0.1375
0 0.28750000000000003 0.6421875 0.25625000000000003 0.084375
0 0.384375 0.7664062500000001 0.240625 0.1765625
0 0.41250000000000003 0.5085937500000001 0.24375000000000002 0.1421875
0 0.63671875 0.48359375000000004 0.4765625 0.2734375
0 0.83515625 0.24140625000000002 0.2890625 0.2078125
1 0.4453125 0.5734375 0.06875 0.07187500000000001
1 0.66328125 0.4 0.0671875 0.065625
