0 0.40859375000000003 0.6609375000000001 0.09843750000000001 0.09375
0 0.32734375000000004 0.51953125 0.0734375 0.0671875
0 0.6859375000000001 0.375 0.08125 0.0625
0 0.39453125 0.5046875000000001 0.0671875 0.07500000000000001
0 0.2109375 0.634375 0.115625 0.09375
0 0.5109375 0.659375 0.14375000000000002 0.13125
0 0.1875 0.49609375 0.09062500000000001 0.07968750000000001
0 0.8617187500000001 0.4546875 0.1234375 0.096875
0 0.5796875 0.309375 0.06875 0.046875
0 0.12421875 0.24609375 0.0421875 0.045312500000000006
0 0.15625 0.22890625 0.05 0.0734375
1 0.51484375 0.67890625 0.09843750000000001 0.0578125
