0 0.30078125 0.50546875 0.09843750000000001 0.1328125
0 0.9421875000000001 0.9656250000000001 0.09375 0.065625
0 0.421875 0.35390625000000003 0.10625000000000001 0.1859375
0 0.74375 0.71796875 0.10625000000000001 0.15781250000000002
0 0.51484375 0.31484375000000003 0.1328125 0.2546875
0 0.6687500000000001 0.69140625 0.065625 0.1046875
0 0.56015625 0.8421875000000001 0.09843750000000001 0.140625
0 0.15156250000000002 0.76484375 0.07187500000000001 0.1453125
0 0.8734375000000001 0.9617187500000001 0.053125000000000006 0.0765625
1 0.51484375 0.29296875 0.11406250000000001 0.1203125
