0 0.36328125 0.45703125 0.43281250000000004 0.3140625
0 0.5859375 0.5203125000000001 0.23750000000000002 0.13125
0 0.19609375 0.19140625 0.2984375 0.1796875
0 0.6953125 0.66796875 0.2625 0.08281250000000001
0 0.92109375 0.8828125 0.1484375 0.07500000000000001
0 0.8796875000000001 0.96640625 0.20625000000000002 0.0671875
0 0.87265625 0.7625000000000001 0.2015625 0.11875000000000001
0 0.5828125000000001 0.78828125 0.25 0.1703125
1 0.353125 0.37109375 0.065625 0.06406250000000001
1 0.54453125 0.57578125 0.0671875 0.0703125
