0 0.32109375 0.38359375 0.2015625 0.5140625
0 0.12187500000000001 0.022656250000000003 0.05625 0.0421875
0 0.5398437500000001 0.2984375 0.2484375 0.571875
0 0.0390625 0.81953125 0.07500000000000001 0.16718750000000002
0 0.6921875000000001 0.8460937500000001 0.08125 0.1328125
0 0.5476562500000001 0.9203125000000001 0.0921875 0.15937500000000002
0 0.1375 0.9203125000000001 0.0625 0.15937500000000002
0 0.1796875 0.9242187500000001 0.059375000000000004 0.15156250000000002
0 0.87421875 0.8671875 0.0734375 0.125
1 0.55078125 0.5390625 0.20468750000000002 0.025
1 0.54296875 0.50625 0.1921875 0.025
