0 0.696875 0.5242187500000001 0.1 0.13593750000000002
0 0.03125 0.9164062500000001 0.059375000000000004 0.09531250000000001
0 0.0890625 0.921875 0.05625 0.07500000000000001
0 0.23203125000000002 0.6882812500000001 0.11406250000000001 0.1390625
0 0.5015625 0.30625 0.125 0.30312500000000003
0 0.31796875 0.6781250000000001 0.0671875 0.115625
0 0.5859375 0.36562500000000003 0.08750000000000001 0.1875
0 0.4109375 0.8375 0.096875 0.140625
0 0.8250000000000001 0.7890625 0.078125 0.146875
1 0.50234375 0.29296875 0.09843750000000001 0.1171875
