0 0.6875 0.65546875 0.22812500000000002 0.0765625
0 0.36875 0.46718750000000003 0.44062500000000004 0.30000000000000004
0 0.9437500000000001 0.86484375 0.109375 0.0734375
0 0.5867187500000001 0.51953125 0.2421875 0.1421875
0 0.8796875000000001 0.74921875 0.20625000000000002 0.1015625
0 0.8992187500000001 0.9539062500000001 0.2015625 0.0921875
0 0.59375 0.78515625 0.2625 0.1765625
0 0.153125 0.48750000000000004 0.28750000000000003 0.203125
0 0.18515625000000002 0.21015625000000002 0.3015625 0.1953125
1 0.34765625 0.38125000000000003 0.06406250000000001 0.065625
1 0.5453125 0.5765625 0.06875 0.06875
