0 0.9296875 0.5554687500000001 0.140625 0.1859375
0 0.20703125 0.6804687500000001 0.20468750000000002 0.2703125
0 0.6218750000000001 0.59921875 0.15000000000000002 0.21406250000000002
1 0.6218750000000001 0.59921875 0.15000000000000002 0.21406250000000002
0 0.65390625 0.375 0.0859375 0.153125
0 0.62890625 0.3375 0.045312500000000006 0.1125
0 0.38125000000000003 0.3921875 0.08125 0.19062500000000002
0 0.4140625 0.371875 0.034375 0.15937500000000002
0 0.20546875 0.38671875 0.045312500000000006 0.1078125
0 0.15546875000000002 0.34921875 0.0578125 0.0890625
0 0.07578125000000001 0.403125 0.08281250000000001 0.125
0 0.0234375 0.3453125 0.043750000000000004 0.09375
