0 0.58984375 0.3375 0.1015625 0.09375
0 0.6726562500000001 0.48046875 0.0703125 0.0671875
0 0.78671875 0.3640625 0.11406250000000001 0.08750000000000001
0 0.49375 0.34218750000000003 0.140625 0.1375
0 0.603125 0.49531250000000004 0.084375 0.078125
0 0.8773437500000001 0.7523437500000001 0.0484375 0.0484375
0 0.31484375000000003 0.6203125 0.08281250000000001 0.065625
0 0.13984375000000002 0.5359375000000001 0.1171875 0.11875000000000001
0 0.41875 0.690625 0.059375000000000004 0.040625
0 0.84296875 0.7703125000000001 0.0421875 0.07500000000000001
0 0.8132812500000001 0.5046875000000001 0.09531250000000001 0.06875
1 0.48750000000000004 0.32109375 0.096875 0.0546875
