0 0.338125 0.435625 0.27125 0.51625
0 0.79625 0.798125 0.09 0.12375
0 0.708125 0.74375 0.11375 0.08750000000000001
0 0.5675 0.651875 0.065 0.08375
0 0.665625 0.619375 0.07625 0.09375
0 0.755 0.6168750000000001 0.0625 0.08375
0 0.8225 0.586875 0.0625 0.07625
0 0.89875 0.56625 0.0525 0.08
0 0.96125 0.57125 0.0625 0.0725
0 0.795625 0.521875 0.04625 0.05625
0 0.735 0.51375 0.045 0.065
0 0.6725 0.528125 0.045 0.06125
0 0.6025 0.546875 0.0475 0.05625
0 0.5275 0.5543750000000001 0.0525 0.07375
0 0.4475 0.58125 0.0525 0.075
