0 0.433125 0.464375 0.25375000000000003 0.47125
0 0.445625 0.02375 0.12375 0.045
0 0.33437500000000003 0.7675000000000001 0.11125 0.065
0 0.02125 0.64625 0.04 0.08750000000000001
0 0.308125 0.551875 0.04125 0.06625
0 0.55 0.011875 0.095 0.02125
0 0.4675 0.8075 0.06 0.115
0 0.6725 0.635 0.05 0.0775
0 0.71125 0.631875 0.0475 0.07625
0 0.18937500000000002 0.706875 0.07875 0.09375
0 0.28125 0.6587500000000001 0.065 0.1
0 0.1 0.61375 0.065 0.0925
0 0.185625 0.601875 0.051250000000000004 0.07125000000000001
0 0.24875 0.5700000000000001 0.0475 0.0675
0 0.51375 0.576875 0.045 0.04125
