0 0.438125 0.46187500000000004 0.26875 0.47625
0 0.07625 0.8406250000000001 0.15 0.06375
0 0.008125 0.608125 0.01375 0.07125000000000001
0 0.22875 0.8612500000000001 0.095 0.135
0 0.078125 0.70375 0.07125000000000001 0.095
0 0.12687500000000002 0.660625 0.05625 0.08125
0 0.18812500000000001 0.63 0.05625 0.075
0 0.23750000000000002 0.626875 0.0525 0.07375
0 0.054375 0.6025 0.051250000000000004 0.06
0 0.01625 0.728125 0.03 0.09875
0 0.83875 0.865 0.2025 0.09
0 0.82875 0.841875 0.195 0.07125000000000001
