0 0.39687500000000003 0.526875 0.54125 0.50125
3 0.535 0.7262500000000001 0.0675 0.0925
3 0.330625 0.7375 0.02875 0.0725
3 0.4825 0.6425 0.055 0.0575
3 0.513125 0.566875 0.03875 0.08375
3 0.359375 0.57375 0.03625 0.06
3 0.195625 0.5525 0.06125 0.035
3 0.306875 0.641875 0.01875 0.04875
3 0.32937500000000003 0.465625 0.02625 0.02875
3 0.27187500000000003 0.46875 0.02125 0.02
3 0.484375 0.466875 0.01875 0.04125
3 0.569375 0.383125 0.03625 0.03375
3 0.508125 0.3 0.01875 0.035
3 0.239375 0.290625 0.02125 0.02125
