0 0.53125 0.59375 0.5725 0.5275
3 0.728125 0.61625 0.11125 0.1
3 0.660625 0.656875 0.08625000000000001 0.043750000000000004
3 0.705 0.701875 0.0575 0.05375
3 0.5575 0.72375 0.085 0.0625
3 0.614375 0.8200000000000001 0.11375 0.08
3 0.753125 0.7725 0.08625000000000001 0.08
3 0.43875000000000003 0.655625 0.035 0.05625
3 0.588125 0.5525 0.058750000000000004 0.035
3 0.7075 0.5337500000000001 0.0425 0.0525
3 0.786875 0.44 0.04625 0.035
3 0.715 0.36062500000000003 0.0475 0.03875
3 0.48875 0.36312500000000003 0.03 0.03125
