0 0.38875 0.516875 0.51 0.46875
3 0.48625 0.701875 0.06 0.09875
3 0.3075 0.713125 0.03 0.07125000000000001
3 0.48375 0.58125 0.0425 0.095
3 0.35000000000000003 0.5925 0.0325 0.0625
3 0.29625 0.63625 0.03 0.0525
3 0.20375000000000001 0.55125 0.05 0.0425
3 0.32937500000000003 0.499375 0.02875 0.03875
3 0.276875 0.49312500000000004 0.02125 0.02125
3 0.47000000000000003 0.503125 0.025 0.04875
3 0.5525 0.434375 0.0375 0.05375
3 0.5175 0.353125 0.015 0.043750000000000004
3 0.25875 0.33187500000000003 0.0175 0.02375
