0 0.44453125000000004 0.46718750000000003 0.6734375 0.915625
1 0.2328125 0.828125 0.07500000000000001 0.096875
1 0.5710937500000001 0.721875 0.1078125 0.178125
1 0.22812500000000002 0.55 0.140625 0.171875
1 0.23046875 0.20546875 0.22968750000000002 0.11093750000000001
1 0.6492187500000001 0.16640625 0.1546875 0.051562500000000004
3 0.45156250000000003 0.61640625 0.028125 0.0765625
3 0.3296875 0.7132812500000001 0.05625 0.0734375
3 0.60546875 0.453125 0.09531250000000001 0.07187500000000001
3 0.6265625 0.35468750000000004 0.08750000000000001 0.028125
3 0.7250000000000001 0.24609375 0.084375 0.0734375
