0 0.571875 0.52109375 0.671875 0.8234375
1 0.76875 0.55859375 0.153125 0.15781250000000002
1 0.43281250000000004 0.75 0.046875 0.109375
1 0.753125 0.84296875 0.078125 0.0890625
1 0.36484375 0.16015625 0.1609375 0.0546875
1 0.7820312500000001 0.22265625 0.2390625 0.1046875
1 0.31093750000000003 0.23593750000000002 0.134375 0.07500000000000001
3 0.5453125 0.6171875 0.025 0.08750000000000001
3 0.6546875000000001 0.7234375000000001 0.05 0.06875
3 0.4 0.44375000000000003 0.096875 0.07187500000000001
