0 0.4546875 0.45859375 0.44375000000000003 0.7265625
1 0.48750000000000004 0.55078125 0.209375 0.0390625
1 0.6203125 0.25546875 0.09375 0.0390625
1 0.5 0.309375 0.20625000000000002 0.053125000000000006
1 0.6414062500000001 0.56015625 0.060937500000000006 0.051562500000000004
1 0.66171875 0.721875 0.0234375 0.0625
3 0.5859375 0.6218750000000001 0.05625 0.043750000000000004
3 0.6257812500000001 0.50625 0.060937500000000006 0.025
3 0.62265625 0.375 0.0734375 0.015625
3 0.36015625 0.384375 0.0328125 0.028125
