0 0.841875 0.32375 0.06125 0.0425
0 0.72875 0.658125 0.0525 0.043750000000000004
0 0.36312500000000003 0.469375 0.10625 0.02875
0 0.480625 0.646875 0.07375 0.02375
0 0.54125 0.268125 0.08 0.02375
0 0.9875 0.305625 0.0225 0.06125
0 0.400625 0.265625 0.11375 0.02875
0 0.5181250000000001 0.46187500000000004 0.07625 0.02375
0 0.62 0.56625 0.045 0.0375
0 0.6900000000000001 0.333125 0.055 0.04125
0 0.350625 0.65375 0.10125 0.03
0 0.6175 0.738125 0.0375 0.058750000000000004
0 0.788125 0.193125 0.04875 0.06625
1 0.61375 0.724375 0.015 0.01375
