0 0.178125 0.509375 0.353125 0.37812500000000004
0 0.50703125 0.46015625000000004 0.32343750000000004 0.3765625
0 0.821875 0.43125 0.325 0.36875
1 0.8984375 0.5007812500000001 0.10312500000000001 0.026562500000000003
1 0.86328125 0.4609375 0.2078125 0.025
1 0.5890625 0.48281250000000003 0.08125 0.021875000000000002
1 0.5828125000000001 0.45234375000000004 0.06875 0.0234375
1 0.41328125000000004 0.46484375 0.0671875 0.0234375
1 0.17500000000000002 0.53828125 0.153125 0.0390625
1 0.184375 0.5 0.096875 0.034375
2 0.178125 0.509375 0.353125 0.37812500000000004
2 0.50703125 0.46015625000000004 0.32343750000000004 0.3765625
2 0.821875 0.43125 0.325 0.36875
