0 0.17500000000000002 0.47578125000000004 0.34687500000000004 0.38906250000000003
0 0.5085937500000001 0.4609375 0.3140625 0.37812500000000004
0 0.82421875 0.4625 0.33906250000000004 0.38125000000000003
1 0.16171875000000002 0.50625 0.15156250000000002 0.043750000000000004
1 0.18281250000000002 0.4703125 0.10625000000000001 0.028125
1 0.58828125 0.4859375 0.07968750000000001 0.028125
1 0.58984375 0.45703125 0.0765625 0.026562500000000003
1 0.8640625000000001 0.48828125 0.1875 0.029687500000000002
1 0.41328125000000004 0.45703125 0.0890625 0.029687500000000002
1 0.89375 0.53359375 0.09375 0.0234375
2 0.17500000000000002 0.47578125000000004 0.34687500000000004 0.38906250000000003
2 0.5085937500000001 0.45937500000000003 0.3140625 0.37812500000000004
2 0.82734375 0.4578125 0.32656250000000003 0.37812500000000004
