0 0.17343750000000002 0.45156250000000003 0.33125000000000004 0.384375
0 0.5109375 0.4609375 0.31875000000000003 0.384375
0 0.8250000000000001 0.4921875 0.34687500000000004 0.390625
1 0.8812500000000001 0.55703125 0.1 0.035937500000000004
1 0.83359375 0.5085937500000001 0.1078125 0.035937500000000004
1 0.59140625 0.49843750000000003 0.0859375 0.034375
1 0.5875 0.46328125000000003 0.07187500000000001 0.026562500000000003
1 0.171875 0.48671875000000003 0.146875 0.0390625
1 0.19921875 0.44843750000000004 0.0859375 0.037500000000000006
2 0.17343750000000002 0.45156250000000003 0.33125000000000004 0.384375
2 0.5109375 0.4609375 0.31875000000000003 0.384375
2 0.8250000000000001 0.4921875 0.34687500000000004 0.390625
