0 0.18515625000000002 0.5046875000000001 0.3171875 0.553125
0 0.48984375 0.45937500000000003 0.2484375 0.48750000000000004
0 0.7671875 0.43984375000000003 0.25625000000000003 0.4765625
1 0.1921875 0.49375 0.07500000000000001 0.037500000000000006
1 0.10234375000000001 0.46796875000000004 0.0390625 0.0390625
1 0.1875 0.5703125 0.096875 0.040625
1 0.49375 0.5203125000000001 0.07500000000000001 0.03125
1 0.76171875 0.45859375 0.2109375 0.051562500000000004
2 0.21250000000000002 0.6648437500000001 0.246875 0.22968750000000002
2 0.49453125000000003 0.40937500000000004 0.22968750000000002 0.253125
2 0.7671875 0.43984375000000003 0.25625000000000003 0.4765625
