0 0.2671875 0.38906250000000003 0.278125 0.503125
0 0.52265625 0.4625 0.2984375 0.50625
0 0.8046875 0.5734375 0.390625 0.540625
1 0.24921875000000002 0.41015625 0.2109375 0.0546875
1 0.503125 0.521875 0.065625 0.040625
1 0.796875 0.5554687500000001 0.06875 0.0421875
1 0.8914062500000001 0.55 0.0390625 0.043750000000000004
1 0.7875000000000001 0.6359375 0.08125 0.053125000000000006
2 0.2671875 0.38906250000000003 0.278125 0.503125
2 0.54921875 0.3515625 0.24531250000000002 0.259375
2 0.76328125 0.728125 0.27968750000000003 0.23125
