0 0.574375 0.373125 0.8462500000000001 0.37625000000000003
0 0.776875 0.268125 0.24375 0.12125
0 0.78625 0.226875 0.1675 0.05375
1 0.9868750000000001 0.263125 0.02625 0.07875
1 0.218125 0.516875 0.03875 0.04875
3 0.74 0.28125 0.0325 0.08
2 0.25125000000000003 0.46625 0.055 0.0975
2 0.36 0.46625 0.075 0.1225
2 0.464375 0.458125 0.058750000000000004 0.10125
2 0.544375 0.45875 0.02625 0.125
2 0.62875 0.45875 0.035 0.1225
2 0.738125 0.46 0.06625 0.1
2 0.85 0.4575 0.07 0.09
2 0.9550000000000001 0.40750000000000003 0.09 0.1825
