0 0.729375 0.0275 0.11875000000000001 0.0525
0 0.6925 0.02625 0.045 0.05
0 0.515625 0.48125 0.9187500000000001 0.41000000000000003
0 0.713125 0.596875 0.27125 0.13625
1 0.0925 0.646875 0.04 0.07125000000000001
3 0.870625 0.30875 0.03875 0.0675
3 0.63625 0.375625 0.03 0.08625000000000001
2 0.149375 0.6225 0.06875 0.125
2 0.24375 0.61 0.0675 0.1375
2 0.38 0.58625 0.085 0.14250000000000002
2 0.45875 0.568125 0.045 0.12875
2 0.65625 0.55625 0.0525 0.1125
2 0.764375 0.531875 0.06625 0.12125
2 0.8718750000000001 0.48 0.09625 0.14250000000000002
