0 0.41125 0.555625 0.8200000000000001 0.6687500000000001
0 0.205625 0.868125 0.40875 0.25625
0 0.568125 0.699375 0.09875 0.10625
0 0.561875 0.4425 0.09125 0.125
0 0.55875 0.3175 0.0775 0.1625
0 0.56 0.205625 0.0725 0.14375000000000002
0 0.470625 0.08687500000000001 0.09625 0.14375000000000002
0 0.184375 0.16 0.27375 0.3175
1 0.706875 0.68625 0.13125 0.11750000000000001
3 0.34500000000000003 0.60875 0.055 0.1375
3 0.508125 0.6218750000000001 0.058750000000000004 0.14875
3 0.338125 0.17250000000000001 0.24375 0.3425
2 0.41125 0.5543750000000001 0.8200000000000001 0.6687500000000001
2 0.470625 0.085625 0.09625 0.14375000000000002
