0 0.644375 0.265625 0.07125000000000001 0.06875
0 0.31 0.855 0.0975 0.075
0 0.79125 0.124375 0.0725 0.07375
0 0.6637500000000001 0.910625 0.075 0.06875
0 0.931875 0.37625000000000003 0.05375 0.0525
0 0.9756250000000001 0.333125 0.04625 0.09875
0 0.69375 0.96125 0.0925 0.075
0 0.916875 0.01625 0.08375 0.03
0 0.091875 0.18375 0.12875 0.115
0 0.293125 0.79625 0.07875 0.0675
0 0.414375 0.305 0.13375 0.1
0 0.699375 0.415625 0.11875000000000001 0.09875
2 0.075 0.213125 0.08 0.04625
2 0.3925 0.3275 0.08 0.05
2 0.68625 0.436875 0.0825 0.058750000000000004
