0 0.405 0.543125 0.8075 0.68125
0 0.199375 0.8675 0.39625 0.265
0 0.563125 0.70875 0.10375000000000001 0.12
0 0.574375 0.45 0.07875 0.125
0 0.564375 0.33187500000000003 0.07375 0.16125
0 0.56 0.21625 0.0725 0.1475
0 0.17875 0.163125 0.28750000000000003 0.32375
0 0.3325 0.174375 0.2425 0.34625
0 0.475625 0.095625 0.09375 0.15375
1 0.714375 0.693125 0.14125000000000001 0.11875000000000001
3 0.5175 0.633125 0.0475 0.14375000000000002
3 0.36062500000000003 0.584375 0.06375 0.18375
2 0.475625 0.095625 0.09375 0.15375
2 0.40625 0.541875 0.8075 0.68125
